CACHE type 5 produced by analog 6.0/Unix. Do not modify or delete!
T	0	0	1910	1024	9	124	8230229
D	26356892	26462879
18303	114	12	12	147154
18303	116	1	1	11742
18303	117	4	4	23620
18303	118	2	2	11811
18303	119	1	1	71
18303	122	2	2	11813
18303	124	1	1	71
18303	126	1	1	11735
18304	61	2	0	23479
18304	203	1	1	71
18304	205	2	2	73364
18304	208	1	1	71
18304	215	1	1	71
18313	60	5	5	75147
18313	65	3	3	12246
18313	66	2	2	12166
18313	67	2	2	142
18313	75	5	5	75147
18313	78	1	1	0
18314	122	1	1	71
18314	128	1	1	71
18314	129	1	1	71
18314	131	1	1	37461
18314	132	1	1	37473
18337	55	1	1	71
18339	270	1	1	71
18340	150	4	3	11689
18340	151	4	3	10987
18340	152	1	0	0
18340	157	7	6	33475
18340	161	2	2	2571
18340	162	2	2	2902
18340	163	4	3	2978
18340	164	5	5	7729
18340	165	5	2	2675
18341	120	1	1	0
18344	59	1	1	0
18346	152	1	1	0
18346	162	7	6	25930
18346	165	2	2	0
18346	168	3	3	0
18346	169	5	4	29009
18346	170	8	8	0
18346	191	9	5	44952
18346	193	2	1	10601
18346	194	5	3	23287
18346	195	6	2	19305
18346	196	26	10	66671
18346	197	9	5	40638
18346	198	8	6	29826
18346	267	1	1	0
18346	279	1	1	37473
18349	241	1	1	0
18350	0	1	1	37473
18350	73	1	1	0
18350	245	6	4	29703
18353	140	1	1	0
18354	93	1	1	0
18354	165	1	1	0
18354	166	1	1	37473
18354	174	1	1	0
18354	177	1	1	12103
18355	24	1	1	0
18355	31	1	1	12090
18356	130	1	1	37473
18357	54	1	1	0
18358	9	1	1	0
18361	17	1	1	0
18361	34	1	1	37473
18361	37	1	1	0
18361	69	1	1	0
18361	84	1	1	37473
18361	205	1	1	37473
18363	271	1	1	0
18364	119	1	1	0
18365	3	1	1	37473
18366	145	1	1	0
18366	146	8	4	29004
18366	147	8	6	26047
18366	148	3	3	0
18366	149	2	2	0
18366	152	2	2	0
18366	155	2	2	0
18366	173	4	2	18638
18366	175	7	4	26825
18366	176	7	2	133447
18366	178	3	1	3385
18366	181	7	4	15286
18366	182	9	4	10959
18366	183	16	7	20435
18366	184	14	6	14044
18366	185	14	5	17055
18366	186	10	3	21982
18368	139	9	4	13975
18368	140	4	2	6977
18368	141	6	3	3488
18368	142	12	8	3788
18368	143	8	6	3487
18368	145	2	1	0
18368	146	10	4	21695
18368	147	9	5	7169
18368	148	6	3	10741
18368	149	8	4	14276
18368	150	2	1	11197
18368	151	4	2	14664
18368	153	2	1	11829
18368	154	4	2	15694
18368	155	2	1	8165
18368	162	3	2	16349
18368	163	6	3	3788
18368	164	7	3	11142
18368	165	4	2	7394
18368	166	2	1	3700
18368	167	6	4	7390
18368	168	4	2	7394
18368	169	6	3	11157
18368	170	3	2	25983
18368	171	2	1	7692
18368	173	4	3	7936
18368	174	8	4	13151
18368	175	6	3	10122
18368	180	6	3	10218
18368	181	8	4	13625
18368	182	6	3	10219
18368	183	6	3	14726
18368	184	4	2	19216
18368	185	2	1	11604
18368	186	4	2	19845
18368	189	8	6	143034
18368	190	2	1	11782
18368	191	6	3	19338
18368	192	7	3	24866
18368	194	11	6	23496
18368	195	9	5	24800
18368	196	14	7	33910
18368	197	20	11	50083
18368	198	14	7	30599
18368	199	9	4	23510
18368	200	16	8	48007
18368	201	14	7	27001
18368	202	8	4	24880
18368	203	6	3	7913
18368	204	4	2	7874
18368	205	6	3	23190
18368	207	3	1	3954
18368	209	14	7	49509
18368	210	2	1	4355
18368	211	5	2	8720
18368	212	5	2	4783
18368	214	9	4	17403
18368	215	10	4	30326
18368	216	7	3	12968
18368	217	14	7	73109
18368	218	17	8	30823
18368	219	8	4	13254
18368	221	7	3	13555
18368	223	3	1	4604
18368	224	2	1	4604
18368	225	5	2	13232
18368	227	8	5	33574
18368	228	11	11	8398
18368	230	3	1	12615
18368	238	5	2	21056
18368	239	4	2	12799
18368	245	10	4	20350
18368	247	5	2	18204
18368	251	4	1	851
18368	252	7	3	24899
18368	253	6	4	8067
18368	254	13	5	16643
18368	255	19	9	32894
18368	256	12	5	20834
18368	257	23	13	49932
18368	258	11	6	20559
18368	259	18	11	185271
18368	260	12	5	29007
18368	261	14	6	37614
18368	262	8	3	24818
18368	263	19	9	33538
18368	264	29	14	68370
18368	265	18	8	30616
18368	266	6	2	17012
18368	267	2	1	0
18368	268	14	6	38059
18368	269	11	6	17476
18368	272	7	3	8780
18369	8	3	0	0
18369	110	10	3	17801
18369	111	18	7	32285
18369	112	16	7	35751
18369	113	18	10	46357
18369	114	10	4	30934
18369	116	6	2	25894
18369	117	9	4	30674
18369	118	2	1	4818
18369	122	15	7	38117
18369	123	7	3	14942
18369	124	14	7	56114
18369	125	5	2	21463
18369	128	5	2	13299
18369	129	2	1	5064
18369	130	17	9	43017
18369	131	11	6	46447
18369	132	4	2	19173
18369	133	15	5	27635
18369	134	16	7	37832
18369	135	28	13	47706
18369	136	13	6	27134
18369	138	5	2	10934
18369	139	14	6	27701
18369	140	17	8	44729
18369	141	11	5	28711
18369	142	17	8	56117
18369	143	9	6	44949
18369	148	7	3	58090
18369	149	2	1	23506
18369	150	22	13	120417
18369	151	8	5	30732
18369	152	6	3	22679
18369	153	5	3	14836
18369	154	9	4	11254
18369	155	14	7	50951
18369	156	2	1	5731
18369	196	11	2	853
18369	201	1	0	0
18370	158	7	2	20879
18370	159	13	7	47533
18370	160	13	7	53871
18370	162	4	2	31071
18370	163	9	5	53479
18370	164	8	4	34053
18370	165	5	3	28058
18370	167	9	5	41406
18370	168	2	1	14922
18370	170	6	3	20618
18370	171	22	11	73597
18370	172	8	4	17642
18370	173	4	2	11858
18370	174	2	1	5948
18370	175	2	1	5931
18370	177	8	4	33754
18370	178	10	5	18286
18370	180	2	1	9448
18370	181	4	2	24267
18370	185	6	4	44610
18370	186	3	2	0
18370	187	12	9	12277
18370	188	14	8	67915
18370	190	21	12	84309
18370	191	3	1	6284
18370	192	7	3	32086
18370	193	13	5	2925
18370	196	3	1	0
18370	197	3	1	0
18370	202	6	3	339764
18370	203	4	3	77453
18370	206	11	5	70466
18370	207	7	4	103284
18370	208	4	2	25839
18370	212	12	4	70834
18370	213	12	6	123016
18370	214	5	2	58298
18370	215	18	9	122777
18370	216	4	2	58326
18370	220	3	1	32814
18370	221	2	1	6453
18370	229	13	6	38696
18370	230	2	1	6493
18370	231	2	1	32844
18373	195	2	2	2278
18373	196	8	4	282907
18374	182	13	5	560380
18374	183	23	23	0
18374	184	7	7	19203
18374	185	9	7	359847
18374	186	12	12	3156
18374	187	2	2	0
18374	188	1	1	0
18376	209	10	4	226118
18376	210	5	3	10945
18376	287	6	3	23628
1	3	3	0	0	26419086	0	0	26410388	0	0	21752	/COMP5210_Hollander_T_30027244/page2.html
1	2	0	0	0	26462879	0	0	26462485	0	0	72765	/SCP/images/800px-SCP002_2.jpg
1	30	30	0	0	26453811	0	0	26450773	0	0	268684	/SCP/page2.html
1	1	1	0	0	26410350	0	0	26410350	0	0	1246	/test/
1	2	2	0	0	26419054	0	0	26410388	0	0	7984	/COMP5210_Hollander_T_30027244/page5.html
1	2	2	0	0	26453729	0	0	26451926	0	0	17234	/SCP/page5.html
1	1	1	0	0	26419230	0	0	26419230	0	0	3413	/REPSONSIVE/page4.html
1	1	1	0	6	26371021	0	26369729	26371021	0	26361100	71	/?38.145.99.143
1	10	0	0	0	26462485	0	0	26447920	0	0	709446	/SCP/images/800px-SCP002.jpg
1	50	50	0	0	26462879	0	0	26458101	0	0	95636	/SCP/scp-002.html
1	644	0	0	0	26462879	0	0	26447906	0	0	2163783	/SCP/styles/style.css
1	80	80	0	40	26462879	0	26450813	26356892	0	26356892	797383	/
1	0	0	2	0	0	26447770	0	0	26410352	0	0	/COMP5210_Hollander_T_30027244
1	0	0	4	0	0	26447774	0	0	26419197	0	0	/REPSONSIVE
1	16	0	0	0	26447775	0	0	26419215	0	0	1514	/REPSONSIVE/js/scripts.js
1	0	0	0	9	0	0	26452111	0	0	26452110	0	/SCP/images/SCP003.jpg
1	1	1	0	0	26419054	0	0	26419054	0	0	11028	/COMP5210_Hollander_T_30027244/page3.html
1	55	55	0	0	26453956	0	0	26450774	0	0	781332	/SCP/page3.html
1	0	0	0	10	0	0	26462485	0	0	26410350	0	/favicon.ico
1	7	7	0	0	26447779	0	0	26419224	0	0	65485	/REPSONSIVE/page2.html
1	8	0	0	0	26453708	0	0	26452113	0	0	24410	/SCP/images/600px-SCP003.jpg
1	0	0	0	1	0	0	26358066	0	0	26358066	0	/dasdasd?38.145.99.143
1	2	2	0	0	26410359	0	0	26410358	0	0	3274	/COMP5210_Hollander_T_30027244/page6.html
1	0	0	0	1	0	0	26447919	0	0	26447919	0	/public_html/SCP/styles/style.css
1	1	1	0	0	26419230	0	0	26419230	0	0	4224	/REPSONSIVE/page5.html
1	12	0	0	0	26447770	0	0	26410352	0	0	13696	/COMP5210_Hollander_T_30027244/styles/style.css
1	1	0	0	0	26453812	0	0	26453812	0	0	288279	/SCP/images/SCP004_door.jpg
1	6	6	0	0	26410416	0	0	26410405	0	0	8451	/db/
1	677	677	0	0	26462879	0	0	26447906	0	0	1497070	/SCP/
1	2	0	0	5	26358066	0	26371600	26358066	0	26358066	23479	/dasdasd
1	0	0	0	2	0	0	26451215	0	0	26451215	0	/SCP/images/800px-SCP-002.jpg
1	10	10	0	0	26459492	0	0	26459488	0	0	9385	/SCP/scp-006.html
1	0	0	0	1	0	0	26450848	0	0	26450848	0	/SCP/images/300px-SCP002.jpg
1	0	0	1	0	0	26410350	0	0	26410350	0	0	/test
1	0	0	0	5	0	0	26447919	0	0	26447909	0	/public_html/SCP/images/800px-SCP002.jpg
1	23	0	0	0	26447775	0	0	26419197	0	0	24722	/REPSONSIVE/styles/style.css
1	2	2	0	0	26419054	0	0	26410388	0	0	6362	/COMP5210_Hollander_T_30027244/page4.html
1	2	2	0	0	26453594	0	0	26450617	0	0	9393	/SCP/?51.158.114.198
1	3	3	0	0	26453744	0	0	26451925	0	0	27298	/SCP/page4.html
1	2	2	0	0	26419230	0	0	26419229	0	0	22520	/REPSONSIVE/page3.html
1	0	0	0	1	0	0	26447919	0	0	26447919	0	/js/scripts.js
1	31	31	0	0	26447775	0	0	26410352	0	0	77229	/COMP5210_Hollander_T_30027244/
1	9	9	0	4	26462485	0	26459423	26431322	0	26442071	77224	/?51.158.114.198
1	1	0	0	0	26459488	0	0	26459488	0	0	208889	/SCP/images/SCP006.jpg
1	0	0	0	2	0	0	26450853	0	0	26450852	0	/SCP/images/500px-SCP002.jpg
1	1	0	0	0	26459488	0	0	26459488	0	0	112768	/SCP/images/SCP006 fan.jpg
1	0	0	0	2	0	0	26451213	0	0	26451213	0	/images/SCP-002.jpg
1	0	0	0	2	0	0	26451204	0	0	26451204	0	/SCP/images/640px-SCP002.jpg
1	7	7	0	11	26424367	0	26430210	26405558	0	26372253	213	/?191.96.241.231
1	0	0	0	2	0	0	26451973	0	0	26451970	0	/SCP/styles/images/window.png
1	19	0	0	14	26459473	0	26451216	26451217	0	26451205	576684	/SCP/images/SCP-002.jpg
1	0	0	0	5	0	0	26447919	0	0	26447906	0	/public_html/SCP/js/scripts.js
1	0	0	1	0	0	26410405	0	0	26410405	0	0	/db
1	0	0	1	0	0	26447906	0	0	26447906	0	0	/SCP
1	39	39	0	0	26447817	0	0	26419197	0	0	177008	/REPSONSIVE/
1	146	0	0	0	26462879	0	0	26447919	0	0	18895	/SCP/js/scripts.js
1	0	0	0	1	0	0	26447919	0	0	26447919	0	/styles/style.css
1	1	0	0	0	26451404	0	0	26451404	0	0	0	/SCP/js/scripts.js?51.158.114.198
3	2	2	0	0	26419068	0	0	26419066	0	0	0	https://30027244.2020.labnet.nz/COMP5210_Hollander_T_30027244/page5.html
3	2	2	0	0	26419054	0	0	26410388	0	0	3181	https://30027244.2020.labnet.nz/COMP5210_Hollander_T_30027244/index.html
3	2	0	0	0	26459488	0	0	26459488	0	0	321657	https://30027244.2020.labnet.nz/SCP/scp-006.html
3	192	135	0	0	26453956	0	0	26450775	0	0	809756	https://30027244.2020.labnet.nz/SCP/page3.html
3	2	1	0	0	26419230	0	0	26419230	0	0	3413	https://30027244.2020.labnet.nz/REPSONSIVE/page3.html
3	42	19	0	0	26462879	0	0	26458101	0	0	1099980	https://30027244.2020.labnet.nz/SCP/scp-002.html
3	12	12	0	0	26462879	0	0	26410350	0	0	9183	https://cpanel.labnet.nz/
3	2	2	0	0	26419054	0	0	26410388	0	0	7984	https://30027244.2020.labnet.nz/COMP5210_Hollander_T_30027244/page4.html
3	0	0	0	2	0	0	26451973	0	0	26451970	0	https://30027244.2020.labnet.nz/SCP/styles/style.css
3	5	5	0	7	26462879	0	26462485	26458101	0	26410350	10085	https://30027244.2020.labnet.nz/
3	8	7	0	0	26447800	0	0	26419229	0	0	22520	https://30027244.2020.labnet.nz/REPSONSIVE/page2.html
3	103	70	0	9	26453956	0	26452111	26450773	0	26452110	833089	https://30027244.2020.labnet.nz/SCP/page2.html
3	0	0	0	1	0	0	26371034	0	0	26371034	0	https://www.google.com.br/
3	1	1	0	0	26453729	0	0	26453729	0	0	0	https://30027244.2020.labnet.nz/SCP/page5.html
3	1	1	0	0	26419054	0	0	26419054	0	0	3181	https://30027244.2020.labnet.nz/COMP5210_Hollander_T_30027244/page3.html
3	1091	466	0	24	26453811	0	26451404	26450699	0	26450848	3296972	https://30027244.2020.labnet.nz/SCP/index.html
3	34	9	0	1	26447779	0	26419358	26419198	0	26419358	79839	https://30027244.2020.labnet.nz/REPSONSIVE/index.html
3	1	1	0	0	26440011	0	0	26440011	0	0	37473	http://27.96.64.98/
3	3	3	0	0	26453744	0	0	26451926	0	0	17234	https://30027244.2020.labnet.nz/SCP/page4.html
3	1	1	0	0	26419230	0	0	26419230	0	0	4224	https://30027244.2020.labnet.nz/REPSONSIVE/page4.html
3	2	2	0	0	26419086	0	0	26419054	0	0	18757	https://30027244.2020.labnet.nz/COMP5210_Hollander_T_30027244/page2.html
3	20	8	0	1	26447775	0	26447770	26410352	0	26447770	61893	https://30027244.2020.labnet.nz/COMP5210_Hollander_T_30027244/
3	137	44	0	13	26462879	0	26447919	26447906	0	26447906	353288	https://30027244.2020.labnet.nz/SCP/
3	27	15	0	0	26447779	0	0	26419197	0	0	111148	https://30027244.2020.labnet.nz/REPSONSIVE/
4	2	2	0	0	26371049	0	0	26356912	0	0	23844	Mozilla/5.0 (Linux; Android 5.1.1; SM-G928X Build/LMY47X) AppleWebKit/537.36 (KHTML, like Gecko) Chrome/47.0.2526.83 Mobile Safari/537.36
4	3	3	0	0	26440264	0	0	26439926	0	0	37473	https://gdnplus.com:Gather Analyze Provide.
4	18	11	0	0	26451281	0	0	26356893	0	0	91767	Mozilla/5.0 (iPhone; CPU iPhone OS 10_3_1 like Mac OS X) AppleWebKit/603.1.30 (KHTML, like Gecko) Version/10.0 Mobile/14E304 Safari/602.1
4	1	1	0	0	26459484	0	0	26459484	0	0	9601	Mozilla/5.0 (iPad; CPU OS 11_0 like Mac OS X) AppleWebKit/604.1.34 (KHTML, like Gecko) Version/11.0 Mobile/15A5341f Safari/604.1
4	0	0	0	1	0	0	26371060	0	0	26371060	0	Mozilla/5.0 (X11; Linux x86_64) AppleWebKit/537.36 (KHTML, like Gecko) Chrome/76.0.3809.100 Safari/537.36
4	0	0	0	1	0	0	26358066	0	0	26358066	0	Mozilla/5.0 (Windows NT 6.0) AppleWebKit/5340 (KHTML, like Gecko) Chrome/51.0.838.0 Safari/5340
4	0	0	0	1	0	0	26371036	0	0	26371036	0	Mozilla/5.0 (Windows NT 6.3; Trident/7.0; rv:11.0) like Gecko
4	251	123	0	3	26451017	0	26450853	26450738	0	26450848	631414	Mozilla/5.0 (iPhone; CPU iPhone OS 13_2_3 like Mac OS X) AppleWebKit/605.1.15 (KHTML, like Gecko) Version/13.0.3 Mobile/15E148 Safari/604.1
4	0	0	0	1	0	0	26371205	0	0	26371205	0	Mozilla/5.0 (X11; Linux x86_64) AppleWebKit/537.36 (KHTML, like Gecko) Chrome/49.0.2623.75 Safari/537.36 Google Favicon
4	1	1	0	0	26356904	0	0	26356904	0	0	11742	Mozilla/5.0 (Windows NT 10.0; WOW64) AppleWebKit/537.36 (KHTML, like Gecko) Chrome/53.0.2785.143 Safari/537.36
4	0	0	0	7	0	0	26371038	0	0	26371033	0	Mozilla/5.0 (X11; Linux x86_64) AppleWebKit/537.36 (KHTML, like Gecko) Chrome/71.0.3578.98 Safari/537.36
4	1	1	0	0	26371051	0	0	26371051	0	0	71	Mozilla/5.0 (Windows NT 10.0; Win64; x64) AppleWebKit/537.36 (KHTML, like Gecko) Chrome/53.0.2785.116 Safari/537.36
4	1	0	0	0	26358066	0	0	26358066	0	0	11736	Mozilla/5.0 (Windows NT 5.0) AppleWebKit/5321 (KHTML, like Gecko) Chrome/20.0.830.0 Safari/5321
4	1048	519	0	29	26453956	0	26452111	26450868	0	26451204	4195262	Mozilla/5.0 (Linux; Android 6.0; Nexus 5 Build/MRA58N) AppleWebKit/537.36 (KHTML, like Gecko) Chrome/81.0.4044.92 Mobile Safari/537.36
4	34	19	1	2	26419230	26419197	26419358	26419084	26419197	26419084	118025	Mozilla/5.0 (Linux; Android 9; SM-A530F) AppleWebKit/537.36 (KHTML, like Gecko) Chrome/80.0.3987.149 Mobile Safari/537.36
4	1	1	0	1	26356916	0	26371052	26356916	0	26371052	71	Mozilla/5.0 (Macintosh; Intel Mac OS X 10.12; rv:55.0) Gecko/20100101 Firefox/55.0
4	49	47	0	0	26459500	0	0	26459478	0	0	369449	Mozilla/5.0 (Linux; Android 6.0; Nexus 5 Build/MRA58N) AppleWebKit/537.36 (KHTML, like Gecko) Chrome/80.0.3987.163 Mobile Safari/537.36
4	2	2	0	2	26356893	0	26371095	26356892	0	26371021	142	Mozilla/5.0 (Linux; U; Android 4.4.2; en-us; SCH-I535 Build/KOT49H) AppleWebKit/534.30 (KHTML, like Gecko) Version/4.0 Mobile Safari/534.30
4	1	1	0	0	26356906	0	0	26356906	0	0	11736	Mozilla/5.0 (Windows; U; Windows NT 6.1; fr-FR) AppleWebKit/533.20.25 (KHTML, like Gecko) Version/5.0.4 Safari/533.20.27
4	0	0	0	1	0	0	26371052	0	0	26371052	0	Mozilla/5.0 (Linux; Android 8.0.0; Pixel XL Build/OPR1.170623.027) AppleWebKit/537.36 (KHTML, like Gecko) Chrome/61.0.3163.98 Mobile Safari/537.36
4	21	21	0	11	26445617	0	26459423	26405558	0	26411156	224980	Mozilla/5.0 (compatible; Nimbostratus-Bot/v1.3.2; http://cloudsystemnetworks.com)
4	0	0	0	1	0	0	26371034	0	0	26371034	0	Mozilla/5.0 (X11; Ubuntu; Linux x86_64; rv:69.0) Gecko/20100101 Firefox/69.0, Mozilla/5.0 (X11; Ubuntu; Linux x86_64; rv:65.0) Gecko/20100101 Firefox/65.0
4	1	1	0	0	26356893	0	0	26356893	0	0	36676	Mozilla/5.0 (Windows NT 10.0; Win64; x64) AppleWebKit/537.36 (KHTML, like Gecko) Chrome/58.0.3029.110 Safari/537.36 Edge/16.16299
4	1	1	0	1	26371048	0	26371049	26371048	0	26371049	71	Mozilla/5.0 (Windows NT 6.1; WOW64) AppleWebKit/537.36 (KHTML, like Gecko) Chrome/53.0.2785.116 Safari/537.36
4	10	10	0	17	26372821	0	26381026	26358778	0	26358802	148724	Mozilla/5.0 (X11; Ubuntu; Linux x86_64; rv:58.0) Gecko/20100101 Firefox/58.0
4	1	1	0	1	26371021	0	26356892	26371021	0	26356892	37473	Mozilla/5.0 (Windows NT 6.1; Win64; x64) AppleWebKit/537.36 (KHTML, like Gecko) Chrome/64.0.3282.186 Safari/537.36
4	27	15	0	1	26459497	0	26458097	26458097	0	26458097	848721	Mozilla/5.0 (Windows NT 10.0; Win64; x64) AppleWebKit/537.36 (KHTML, like Gecko) Chrome/80.0.3987.163 Safari/537.36
4	0	0	0	1	0	0	26371600	0	0	26371600	0	Mozilla/5.0 (Windows; U; Windows NT 6.1) AppleWebKit/532.30.1 (KHTML, like Gecko) Version/4.0 Safari/532.30.1
4	1	0	0	0	26358066	0	0	26358066	0	0	11743	Mozilla/5.0 (compatible; MSIE 10.0; Windows NT 6.1; Trident/3.0)
4	5	3	0	0	26462492	0	0	26462492	0	0	10945	Mozilla/5.0 (Linux; Android 6.0; Nexus 5 Build/MRA58N) AppleWebKit/537.36 (KHTML, like Gecko) Chrome/81.0.4044.122 Mobile Safari/537.36
4	0	0	0	1	0	0	26358066	0	0	26358066	0	Mozilla/5.0 Mozilla/5.0 (Windows NT 5.1; rv:33.0) Gecko/20150214 Firefox/33.0
4	1	1	0	0	26440011	0	0	26440011	0	0	37473	Go http package
4	0	0	0	1	0	0	26371049	0	0	26371049	0	Mozilla/5.0 (iPhone; CPU iPhone OS 10_3_3 like Mac OS X) AppleWebKit/603.1.30 (KHTML, like Gecko) CriOS/61.0.3163.73 Mobile/14G60 Safari/602.1
4	1	1	0	0	26371046	0	0	26371046	0	0	71	Mozilla/5.0 (Windows NT 6.1; WOW64; rv:49.0) Gecko/20100101 Firefox/49.0
4	1	1	0	0	26356941	0	0	26356941	0	0	71	Mozilla/5.0 (Windows NT 10.0; WOW64) AppleWebKit/537.36 (KHTML, like Gecko) Chrome/53.0.2785.116 Safari/537.36
4	5	5	0	3	26431359	0	26431500	26430225	0	26430210	24193	Mozilla/5.0 (X11; Linux x86_64) AppleWebKit/537.36 (KHTML, like Gecko) Chrome/78.0.3904.108 Safari/537.36
4	1	1	0	1	26356950	0	26356954	26356950	0	26356954	11735	Mozilla/5.0 (Linux; Android 6.0.1; Nexus 6P Build/MMB29P) AppleWebKit/537.36 (KHTML, like Gecko) Chrome/44.0.2403.133 Mobile Safari/537.36
4	2	2	0	0	26371021	0	0	26356892	0	0	142	Mozilla/5.0 (Macintosh; Intel Mac OS X 10_12_6) AppleWebKit/537.36 (KHTML, like Gecko) Chrome/64.0.3282.186 Safari/537.36
4	62	40	2	2	26425229	26425229	26425229	26419054	26419197	26419054	201897	Mozilla/5.0 (Windows NT 10.0; Win64; x64) AppleWebKit/537.36 (KHTML, like Gecko) Chrome/80.0.3987.149 Safari/537.36
4	0	0	0	2	0	0	26391767	0	0	26391767	0	Mozilla/5.0 (Windows NT 10.0; Win64; x64) AppleWebKit/537.36 (KHTML, like Gecko; compatible; BuiltWith/1.0; +http://builtwith.com/biup) Chrome/74.0.3729.131 Safari/537.36
4	0	0	0	1	0	0	26371095	0	0	26371095	0	Mozilla/5.0 (Windows NT 6.1; WOW64; Trident/7.0; rv:11.0) like Gecko
4	1	1	0	1	26356932	0	26371049	26356932	0	26371049	71	Mozilla/5.0 (Linux; Android 7.0; SM-G925W8 Build/NRD90M) AppleWebKit/537.36 (KHTML, like Gecko) Chrome/61.0.3163.98 Mobile Safari/537.36
4	1	1	0	1	26356910	0	26371052	26356910	0	26371052	71	Mozilla/5.0 (iPhone; CPU iPhone OS 10_2_1 like Mac OS X) AppleWebKit/602.4.6 (KHTML, like Gecko) Version/10.0 Mobile/14D27 Safari/602.1
4	0	0	0	1	0	0	26358066	0	0	26358066	0	Mozilla/5.0 (Windows NT 5.0) AppleWebKit/5330 (KHTML, like Gecko) Chrome/36.0.823.0 Safari/5330
4	1	1	0	0	26356905	0	0	26356905	0	0	71	Mozilla/5.0 (Linux; Android 7.1.1; Nexus 6P Build/NOF27C) AppleWebKit/537.36 (KHTML, like Gecko) Chrome/61.0.3163.81 Mobile Safari/537.36
4	14	11	0	1	26447800	0	26447770	26447770	0	26447770	44350	Mozilla/5.0 (Linux; Android 9; SM-A530F) AppleWebKit/537.36 (KHTML, like Gecko) Chrome/81.0.4044.96 Mobile Safari/537.36
4	3	3	0	0	26371111	0	0	26356892	0	0	0	python-requests/2.21.0
4	3	3	0	1	26371056	0	26371036	26356930	0	26371036	23908	Mozilla/5.0 (X11; Linux x86_64) AppleWebKit/537.36 (KHTML, like Gecko) Chrome/51.0.2704.106 Safari/537.36 OPR/38.0.2220.41
4	3	3	0	1	26371021	0	26371095	26356893	0	26371095	37603	Mozilla/5.0 (Macintosh; Intel Mac OS X 10_12_6) AppleWebKit/604.5.6 (KHTML, like Gecko) Version/11.0.3 Safari/604.5.6
4	34	26	3	1	26410427	26410405	26410350	26410350	26410350	26410350	75006	Mozilla/5.0 (Windows NT 10.0; Win64; x64) AppleWebKit/537.36 (KHTML, like Gecko) Chrome/80.0.3987.132 Safari/537.36
4	0	0	0	1	0	0	26358066	0	0	26358066	0	Mozilla/5.0 (Windows NT 5.1) AppleWebKit/5310 (KHTML, like Gecko) Chrome/21.0.819.0 Safari/5310
4	3	3	0	1	26371095	0	26356893	26356892	0	26356893	36830	Mozilla/5.0 (Linux; Android 7.0; SM-G930V Build/NRD90M) AppleWebKit/537.36 (KHTML, like Gecko) Chrome/59.0.3071.125 Mobile Safari/537.36
4	271	124	3	17	26453864	26447906	26451404	26447769	26447770	26447769	569150	Mozilla/5.0 (Windows NT 10.0; Win64; x64) AppleWebKit/537.36 (KHTML, like Gecko) Chrome/81.0.4044.92 Safari/537.36
4	1	1	0	0	26356909	0	0	26356909	0	0	11742	Mozilla/5.0 (Macintosh; Intel Mac OS X 10_12_6) AppleWebKit/537.36 (KHTML, like Gecko) Chrome/60.0.3112.113 Safari/537.36
4	0	0	0	1	0	0	26371600	0	0	26371600	0	Mozilla/5.0 (Windows NT 6.0) AppleWebKit/5321 (KHTML, like Gecko) Chrome/25.0.825.0 Safari/5321
4	1	1	0	1	26371058	0	26371036	26371058	0	26371036	71	Mozilla/5.0 (iPad; CPU OS 10_3_3 like Mac OS X) AppleWebKit/603.3.8 (KHTML, like Gecko) Version/10.0 Mobile/14G60 Safari/602.1
4	16	7	0	1	26462879	0	26462485	26462485	0	26462485	249746	Mozilla/5.0 (Windows NT 10.0; Win64; x64) AppleWebKit/537.36 (KHTML, like Gecko) Chrome/81.0.4044.122 Safari/537.36
4	1	1	0	1	26356892	0	26371021	26356892	0	26371021	71	Mozilla/5.0 (Windows NT 10.0; Win64; x64; rv:58.0) Gecko/20100101 Firefox/58.0
4	4	4	0	1	26371095	0	26371021	26356892	0	26371021	74291	Mozilla/5.0 (Macintosh; Intel Mac OS X 10.13; rv:58.0) Gecko/20100101 Firefox/58.0
5	1	1	0	0	26371049	0	0	26371049	0	0	12104	104.227.135.13
5	0	0	0	1	0	0	26356954	0	0	26356954	0	209.19.170.58
5	0	0	0	1	0	0	26371049	0	0	26371049	0	45.73.171.109
5	0	0	0	1	0	0	26454531	0	0	26454531	0	209.17.97.74
5	5	5	0	1	26356892	0	26356892	26356892	0	26356892	73577	69.4.87.74
5	1	1	0	0	26371046	0	0	26371046	0	0	71	181.214.184.141
5	1	1	0	0	26419575	0	0	26419575	0	0	0	209.17.96.26
5	34	26	3	1	26410427	26410405	26410350	26410350	26410350	26410350	75006	192.168.215.106
5	1	1	0	0	26430225	0	0	26430225	0	0	0	51.15.242.22
5	1	1	0	0	26430585	0	0	26430585	0	0	0	209.17.97.66
5	0	0	0	1	0	0	26371205	0	0	26371205	0	66.249.83.107
5	1	1	0	0	26356932	0	0	26356932	0	0	71	191.96.80.127
5	0	0	0	1	0	0	26411156	0	0	26411156	0	209.17.96.18
5	1	1	0	0	26424002	0	0	26424002	0	0	37473	209.17.97.114
5	1	1	0	0	26444076	0	0	26444076	0	0	0	209.17.97.58
5	0	0	0	1	0	0	26431500	0	0	26431500	0	51.158.109.172
5	1	1	0	0	26439926	0	0	26439926	0	0	0	170.130.187.54
5	1	1	0	0	26419001	0	0	26419001	0	0	0	209.17.97.106
5	1	1	0	0	26356910	0	0	26356910	0	0	71	38.145.99.143
5	0	0	0	1	0	0	26371052	0	0	26371052	0	38.145.103.84
5	5	5	0	3	26371095	0	26371095	26371095	0	26371095	75147	93.119.227.19
5	103	47	3	14	26447974	26447906	26447919	26447769	26447770	26447769	292757	181.214.63.105
5	1	1	0	0	26356950	0	0	26356950	0	0	11735	64.71.192.18
5	0	0	0	4	0	0	26371038	0	0	26371038	0	185.73.218.17
5	1	1	0	0	26371051	0	0	26371051	0	0	71	191.96.87.127
5	1	1	0	0	26371051	0	0	26371051	0	0	12095	45.40.121.190
5	1	1	0	7	26372803	0	26375433	26372803	0	26367231	71	62.210.10.77
5	2	2	0	4	26372805	0	26380083	26358839	0	26361100	142	62.210.5.253
5	1	1	0	1	26429023	0	26450813	26429023	0	26450813	0	209.17.96.122
5	1	1	0	0	26430630	0	0	26430630	0	0	0	163.172.161.137
5	3	3	0	1	26434350	0	26429675	26415658	0	26429675	37473	209.17.96.2
5	1	1	0	0	26371048	0	0	26371048	0	0	71	38.145.98.157
5	1	1	0	0	26358787	0	0	26358787	0	0	36688	163.172.70.242
5	2	0	0	6	26358066	0	26371600	26358066	0	26358066	23479	5.8.10.202
5	0	0	0	2	0	0	26391767	0	0	26391767	0	54.224.135.193
5	1	1	0	0	26371111	0	0	26371111	0	0	0	213.61.215.54
5	1	1	0	0	26411644	0	0	26411644	0	0	0	209.17.96.106
5	91	49	0	0	26450731	0	0	26450617	0	0	163494	181.214.61.69
5	0	0	0	1	0	0	26371049	0	0	26371049	0	191.96.241.231
5	0	0	0	1	0	0	26371052	0	0	26371052	0	191.101.110.85
5	0	0	0	1	0	0	26371052	0	0	26371052	0	104.227.135.152
5	2	2	0	4	26372772	0	26381026	26358786	0	26358802	36747	195.154.63.222
5	1	1	0	0	26356941	0	0	26356941	0	0	71	38.145.88.179
5	1	1	0	0	26440186	0	0	26440186	0	0	0	104.140.188.46
5	1598	820	3	42	26462879	26425229	26462485	26419054	26419197	26419054	6809785	203.211.121.12
5	1	1	0	0	26356906	0	0	26356906	0	0	11736	45.40.126.109
5	2	2	0	0	26431359	0	0	26431322	0	0	12090	51.15.242.216
5	1	1	0	0	26440027	0	0	26440027	0	0	0	209.17.96.90
5	1	1	0	0	26433292	0	0	26433292	0	0	37473	209.17.96.234
5	2	2	0	0	26356892	0	0	26356892	0	0	0	185.220.101.51
5	1	1	0	0	26371058	0	0	26371058	0	0	71	104.227.135.58
5	0	0	0	3	0	0	26371033	0	0	26371033	0	168.90.245.9
5	0	0	0	1	0	0	26415169	0	0	26415169	0	209.17.96.226
5	0	0	0	1	0	0	26371036	0	0	26371036	0	38.145.83.209
5	1	1	0	0	26356930	0	0	26356930	0	0	11742	38.145.95.232
5	0	0	0	1	0	0	26371034	0	0	26371034	0	168.90.245.5
5	4	4	0	2	26372821	0	26363645	26358778	0	26362743	75076	195.154.62.232
5	1	1	0	0	26440264	0	0	26440264	0	0	37473	104.206.128.70
5	0	0	0	1	0	0	26371036	0	0	26371036	0	104.227.135.50
5	1	1	0	1	26440866	0	26459423	26440866	0	26459423	37473	209.17.96.74
5	1	1	0	1	26424367	0	26421025	26424367	0	26421025	0	209.17.97.2
5	1	1	0	0	26440011	0	0	26440011	0	0	37473	104.206.128.66
5	5	5	0	1	26356893	0	26356893	26356893	0	26356893	73577	93.119.227.91
5	0	0	0	1	0	0	26371049	0	0	26371049	0	181.214.1.207
5	5	5	0	3	26371021	0	26371021	26371021	0	26371021	75147	69.4.89.106
5	1	1	0	0	26356909	0	0	26356909	0	0	11742	45.82.51.117
5	0	0	0	1	0	0	26371036	0	0	26371036	0	181.214.1.206
5	1	1	0	0	26371056	0	0	26371056	0	0	71	181.214.179.186
5	1	1	0	0	26356904	0	0	26356904	0	0	11742	181.214.248.242
5	1	1	0	1	26445617	0	26434432	26445617	0	26434432	37473	209.17.96.66
5	1	1	0	0	26435569	0	0	26435569	0	0	0	209.17.96.210
5	1	1	0	0	26356905	0	0	26356905	0	0	71	78.136.201.90
5	1	1	0	1	26444755	0	26428778	26444755	0	26428778	0	209.17.96.194
5	1	1	0	0	26405558	0	0	26405558	0	0	71	209.17.96.58
5	3	3	0	0	26430593	0	0	26409513	0	0	37544	209.17.96.202
5	0	0	0	2	0	0	26443246	0	0	26442071	0	209.17.97.98
5	1	1	0	0	26356912	0	0	26356912	0	0	11740	181.215.64.132
5	1	1	0	0	26356916	0	0	26356916	0	0	71	181.214.190.121
5	0	0	0	1	0	0	26371060	0	0	26371060	0	168.90.245.92
5	1	1	0	0	26356906	0	0	26356906	0	0	71	181.214.181.128
5	1	1	0	1	26430645	0	26430210	26430645	0	26430210	12103	163.172.163.25
5	0	0	0	1	0	0	26430702	0	0	26430702	0	51.158.114.198
z	0	1020	653	26462879	0
z	2	32	32	26410350	2272
z	3	30	0	26462485	19339
z	4	705	237	26462879	3968430
z	5	110	102	26462879	2344122
z	6	13	0	26462485	1896066
c	200	913	26462879
c	301	9	26447906
c	304	997	26462879
c	401	64	26459423
c	404	60	26462485
